3021518580 3042353098
3021455323 3042259413
3021434632 3042178300
3021408400 3042330748
3021386320 3042203469
3021363493 3042312862
3021342735 3042041929
3021305308 3042180131
3021145515 3042176177
3021083283 3042299265
3021023877 3042213340
3021004091 3042291334
3020983850 3042287386
3020963841 3042069806
3020932114 3042020809
3020912362 3042263867
3020891947 3042236446
3020872779 3042076424
3020841938 3042130084
3020820491 3042421832
3020767369 3042317104
3020745387 3042364643
3020697358 3042162964
3020677770 3042292094
3020629474 3042265798
3020562178 3042249298
3020541220 3042341765
3020440769 3042366713
3020422473 3042340817
3020403143 3042325172
3020381124 3042342956
3020346559 3042197323
3020280614 3042324328
3020262265 3042320564
3020243683 3042074828
3020219038 3042268243
3020138301 3042296643
3020081241 3041824926
3020062399 3042270082
3020041611 3042528044
3020020371 3042466235
3019984962 3042431231
3019966460 3042482003
3019947507 3042479583
3019905163 3042373725
3019886617 3042355885
3019868081 3042395067
3019848485 3042379477
3019812738 3042392822
3019793892 3042372103
3019775686 3042423193
3019754796 3042419442
3019674057 3042446168
3019654929 3042449168
3019635514 3042471078
3019615460 3042473604
3019586666 3042413976
3019476535 3042448911
3019459273 3042451586
3019440815 3042741468
3019416755 3042737482
3019284122 3042665699
3019264693 3042554937
3019243539 3042627643
3019104309 3042678583
3019085571 3042663458
3019065621 3042526453
3019021123 3042655284
3019001911 3042661819
3018953877 3024710268
3018935536 3024694166
3018788744 3024677625
3018771490 3024660851
3018750309 3024645859
3018597633 3024629555
3018577412 3024614022
3018482523 3024598060
3018463135 3024582901
3018443990 3024567480
3018424522 3024551521
3018404975 3024535938
3018375848 3024516930
3018353603 3024499605
3018302799 3024481159
3018248380 3024468430
3018228126 3024452099
3018175751 3024438462
3018155643 3024422609
3018136183 3024406674
3017951068 3024389523
3017932723 3024372091
3017914199 3024355496
3017894811 3024336739
3017859270 3024322647
3017838123 3024303648
3017816160 3024286880
3017675534 3024270589
3017616235 3024254070
3017453430 3024237721
3017434370 3024216618
3017415638 3024203115
3017394420 3024187555
3017311282 3024164775
3017291728 3024147924
3017274363 3024132739
3017239502 3024116222
3017220968 3024099816
3017199230 3024083342
3017152766 3024066522
3017133721 3024048811
3017104819 3024031881
3017077924 3024014737
3017020554 3023997625
3017000990 3023980444
3016979437 3023963178
3016935071 3023942800
3016915620 3023923460
3016894193 3023905741
3016560564 3023888554
3016543269 3023872014
3016523877 3023854438
3016505985 3023837641
3016481524 3023816669
3016403138 3023797245
3016383675 3023778782
3016290694 3023761424
3016272386 3023743445
3016253286 3023724788
3016234724 3023707096
3016213092 3023687461
3016181518 3023670572
3016125390 3023654259
3016106557 3023638380
3016059993 3023621628
3016042100 3023605112
3016020675 3023588805
3015826274 3023569782
3015804756 3023552138
3015710518 3023535103
3015688883 3023517893
3015671214 3023501070
3015649036 3023484442
3015576835 3023467538
3015552845 3023447125
3015290464 3023428793
3015268660 3023409623
3015158935 3023392435
3015137903 3023375759
3015119285 3023359635
3015037335 3023343109
3014972522 3023325598
3014953629 3023308290
3014935393 3023290108
3014838211 3023164277
3014756198 3023147843
3014717297 3023111310
3014694897 3023090942
3014569518 3023066475
3014497464 3022979908
3014475970 3022956563
3014452951 3022893587
3014403228 3022868588
3014377830 3022848174
3014349460 3022823864
3014279776 3022800750
3014207976 3022764062
3014186526 3022743974
3014164602 3022722134
3014120786 3022697515
3014096841 3022655709
3014071374 3022633968
3014048512 3022612606
3013954414 3022591404
3013931516 3022551426
3013907120 3022530310
3013852846 3022504201
3013833038 3022485063
3013809529 3022436327
3013740498 3022415421
3013655510 3022395187
3013636644 3022344831
3013591122 3022328777
3013570705 3022312008
3013552778 3022294994
3013478956 3022273133
3013459131 3022254252
3013377538 3022186865
3013326661 3022170229
3013306300 3022154391
3013288717 3022137811
3013271947 3022121183
3013237971 3022102265
3013175403 3022029642
3013155148 3022011228
3013105342 3021994431
3013081661 3021976082
3013061395 3021954544
3013011209 3021819007
3012994964 3021802587
3012971687 3021784464
3012904022 3021769150
3012883914 3021751532
3012834409 3021672788
3012818180 3021616259
3012798420 3021595086
3012781062 3021483110
3012764418 3021466644
3012738200 3021449971
3012720024 3021436891
3012657798 3021416989
3012603115 3021333689
3012583867 3021315198
3012567237 3021300026
3012550815 3021281802
3012533181 3021186596
3012503230 3021167314
3012482841 3021066997
3012466619 3021051195
3012445964 3021035989
3012361502 3021020863
3012342458 3021002893
3012324264 3020983607
3012282715 3020907089
3012265032 3020893470
3012244147 3020737930
3012220233 3020720097
3012120845 3020704094
3012100500 3020686687
3012081706 3020671821
3012037101 3020657057
3012018817 3020639464
3011997512 3020626096
3011909186 3020546086
3011889556 3020529016
3011831636 3020514228
3011812514 3020481591
3011794582 3020469294
3011757920 3040918885
3011696184 3040870962
3011629655 3040856960
3011610647 3040810088
3011561496 3040826029
3011543632 3040811649
3011524378 3040795253
3011506369 3040774338
3011481812 3040728028
3011463338 3040712309
3011444103 3040653275
3011304233 3040705780
3011286522 3040679941
3011269409 3040665587
3011247134 3040603680
3011225060 3040637781
3011203379 3040548535
3011140390 3040533215
3011115073 3040504609
3011095428 3040465809
3011034531 3040426621
3011016268 3040479269
3010995794 3040419953
3010977248 3040405259
3010942874 3040407473
3038345883 3048961001
3038327598 3049250143
3038243898 3049228918
3038224734 3048954570
3038202074 3049217322
3038108972 3049444760
3038090314 3048942267
3037990419 3049182352
3037972643 3049198184
3037954991 3049388091
3037935073 3048854216
3037912441 3048838127
3037833096 3049360722
3037812053 3049140821
3037793548 3048853918
3037775979 3048826600
3037750631 3049112137
3037733035 3049107890
3037634296 3048488285
3037617202 3048433686
3037599163 3048271578
3037578894 3048364141
3037559122 3048249305
3037332485 3048235104
3037309235 3048050515
3037290588 3048035308
3037272032 3048058795
3036882431 3048061695
3036864051 3047631236
3036841670 3047969852
3036822873 3047681584
3036803488 3047542580
3036729672 3047633375
3036711763 3047635000
3036692041 3047531803
3036672923 3047894970
3036597205 3047613226
3036579945 3047613926
3036561696 3046838660
3036520072 3045448290
3036502333 3045444593
3036484366 3046818308
3036393446 3046672214
3036373332 3046654452
3036354777 3046784162
3036330617 3046751824
3036146026 3046753064
3036127578 3045450862
3036106798 3046746836
3036086543 3045426045
3036000084 3046593979
3035981802 3046570057
3035963279 3045322421
3035923613 3045316746
3035868380 3045302085
3035849929 3045394507
3035831143 3045751902
3035742954 3045692323
3035723369 3045724644
3035515524 3045675140
3035494758 3045344246
3035475100 3045340615
3035456380 3045629753
3035433042 3045736979
3035364610 3045514200
3035343974 3045607734
3035297143 3047817256
3035276738 3045276710
3035257726 3045453324
3035167938 3045604700
3035149890 3045234168
3035132165 3045227709
3035113953 3045701816
3035093918 3045709105
3034963718 3047749656
3034941281 3045722086
3034794526 3045176440
3034771885 3045682033
3034752083 3045665756
3034665766 3045532895
3034648135 3049395267
3034630619 3045671074
3034612107 3045327829
3034579832 3045656317
3034557370 3045098604
3034504621 3045621050
3034477767 3045699098
3034458886 3045493547
3034425342 3045581486
3034407667 3045664210
3034389189 3045666905
3034340268 3045648739
3034323046 3045028557
3034304270 3043798311
3034286535 3045519445
3034209754 3043783058
3034192388 3043855761
3034173848 3045506896
3034081354 3045398267
3034063518 3043825756
3034045269 3043830437
3034027931 3045462392
3033997384 3043810790
3033979394 3043809240
3033960552 3043805181
3033937259 3043826128
3033697799 3043782705
3033676100 3045386961
3033657307 3043800943
3033634714 3043732693
3033554353 3043721219
3033535918 3045213853
3033517390 3043712328
3033498534 3043750937
3033421523 3043739963
3033210209 3043766880
3033191757 3043737729
3033172944 3043751232
3033082579 3045148045
3032965737 3046069704
3032947671 3043549933
3032927778 3043711309
3032685343 3043677131
3032664909 3043675286
3032643152 3043705547
3032556531 3043664191
3032536425 3043678353
3032512280 3043570565
3032493431 3044677602
3032474509 3043632382
3032449715 3043593676
3032430090 3043571126
3032281753 3043633989
3032263873 3043654789
3032246652 3043655504
3032228390 3043622816
3032141851 3043641985
3032123606 3048145623
3032105701 3043681285
3032084084 3043806325
3031999852 3043808373
3031979851 3043680502
3031960795 3047642175
3031911762 3043623615
3031892193 3043877005
3031795360 3043910601
3031777108 3043984275
3031753650 3044047630
3031733268 3044060883
3031655944 3044179920
3031634832 3044094780
3031533244 3043988828
3031514844 3044203205
3031468473 3044311709
3031402362 3044173962
3031381402 3044225981
3031362485 3043035645
3031341856 3043016004
3031217620 3044099828
3031199097 3042924788
3031180250 3042907960
3031085619 3045515634
3031063472 3042878859
3031045375 3042862625
3031027465 3042846837
3031008310 3042830273
3030935830 3042801224
3030916408 3047877182
3030812193 3045599960
3030793843 3046652954
3030775981 3042715585
3030754714 3042696141
3030618976 3042679468
3030598617 3042659924
3030578654 3042569128
3030560320 3042552945
3030472564 3042537599
3030454982 3046584583
3030437233 3042513424
3030418962 3042497246
3030400075 3042480783
3030326786 3042456679
3030303832 3046544118
3030257030 3042430275
3030238279 3042383510
3030143297 3042367427
3030126010 3042351497
3030105267 3042303511
3030076624 3043860983
3030052668 3042264481
3029979295 3042248304
3029959856 3042232203
3029909940 3042194750
3029892771 3042177943
3029874784 3043644629
3029839234 3043830080
3029773442 3043827607
3029755116 3043663685
3029737325 3043821561
3029718943 3046397330
3029638797 3046498963
3029620621 3043730833
3029603476 3043466536
3029583142 3043510226
3029504709 3043651779
3029484866 3043600819
3029465778 3043575632
3029418244 3043578435
3029362116 3043508816
3029343335 3043539670
3029323901 3043500592
3029299784 3043361769
3029279937 3043408926
3029202504 3043360823
3029183906 3043341318
3029138044 3043428232
3029082406 3043425365
3029064188 3043440590
3029016722 3043220780
3028995301 3043279120
3028974838 3043189237
3028954491 3043173732
3028877322 3043160412
3028855779 3042891695
3028755405 3043050149
3028737748 3043052168
3028719256 3043017690
3028631182 3043019510
3028613946 3042928581
3028593462 3042857012
3028575258 3042985056
3028555084 3043043334
3028528759 3042955257
3028423625 3042973112
3028399527 3042708536
3028379060 3042892419
3028360390 3042838418
3028277562 3042882322
3028257871 3046009863
3028208388 3042760042
3028189257 3042741925
3028134066 3041718164
3028116258 3041702223
3028023263 3042596249
3028004325 3042591742
3027876800 3042569057
3027854245 3041630448
3027836352 3042506855
3027819152 3042513633
3027794794 3041568731
3027671888 3042266821
3027649504 3041540695
3027551671 3041522275
3027531410 3041504473
3027513900 3041484649
3027493945 3041405208
3027465151 3042413799
3027439217 3042367013
3027420433 3041362240
3027382315 3042367222
3027362719 3042361146
3027310069 3041326801
3027292722 3041283091
3027275300 3041265709
3027185601 3042282243
3027168566 3041240434
3027151470 3041219475
3027132320 3041200794
3027113644 3041182149
3027031499 3041154759
3027008475 3041091878
3026990395 3041074724
3026973498 3041058153
3026954038 3045811401
3026925092 3042191385
3026907760 3041021818
3026886726 3040986306
3026864729 3040969053
3026775981 3040951948
3026757667 3040933675
3026734025 3040884672
3026714018 3040866229
3026539016 3040849914
3026517874 3040828823
3026372086 3040742030
3026352018 3040722437
3026334673 3040705505
3026317513 3040686525
3026297658 3040646051
3026222998 3040629195
3026198536 3040608880
3026002311 3040590328
3025984071 3040557112
3025963532 3040537629
3025872315 3040480098
3025851714 3040461297
3025831020 3040443654
3025738811 3040426267
3025720478 3040385501
3025700313 3040366842
3025680800 3040349569
3025596025 3040328655
3025577778 3040286186
3025553360 3040262696
3025531135 3040245262
3025506550 3040228571
3025488681 3040212598
3025441836 3040196509
3025422891 3040179722
3025371284 3040163418
3025353544 3040147776
3025331086 3040127726
3025295728 3040109807
3025276629 3040093063
3025255482 3040074457
3025211841 3040052132
3025192484 3040034816
3025171468 3040015928
3025134134 3039999130
3025115331 3039982542
3025095967 3039965647
3025049409 3039948204
3025030531 3039931352
3025010837 3039913570
3024969723 3039896699
3024951013 3039879518
3024926319 3039855535
3024907714 3039838477
3024882947 3039816472
3024864606 3039799507
3024846089 3039783132
3024802697 3039760838
3024641522 3039741910
3024618135 3039720442
3024597403 3039703136
3024507358 3039685938
3024486760 3039667182
3024468830 3039650367
3024449061 3039633816
3024367036 3039616547
3024349219 3039599085
3024330041 3039581708
3024195032 3039564953
3024173709 3039548685
3024069692 3039531619
3024051076 3039514466
3024032415 3039492140
3023994169 3039471825
3021091331 3039452978
3021065380 3039399978
3021047537 3039334882
3021009870 3039279320
3020986582 3039256010
3020968667 3039237327
3020948821 3039145116
3020904699 3039127015
3020887645 3039067664
3020867696 3039047275
3020833435 3039028353
3020814872 3038781682
3020797149 3038763912
3020780118 3038746649
3020745618 3038728554
3020726070 3038708621
3020708969 3038691107
3020689295 3038671952
3020654751 3038654488
3020637405 3038637481
3020619416 3038611698
3020578627 3038543860
3020560343 3038526928
3020538641 3038508033
3020507638 3038480725
3020469938 3038460042
3020452450 3038331772
3020433179 3038074606
3020396871 3038056663
3020379017 3038039953
3020357331 3038019496
3020336663 3037999566
3020299016 3037965534
3020278315 3037944685
3020259727 3037841466
3020226790 3037824157
3020208115 3037623212
3020189325 3037600863
3020150279 3037586543
3020131921 3037572575
3020114048 3037557928
3020094734 3037542154
3020053501 3037525056
3020034603 3037506273
3020016569 3037488826
3019975972 3037471591
3019956650 3037455388
3019930054 3037410347
3019911084 3037396042
3019874598 3037379741
3019856801 3037365570
3019836015 3037348608
3019794795 3037332659
3019776447 3037300353
3019757339 3037285854
3019737893 3037271443
3019703945 3037256958
3019685643 3037242216
3019665100 3037227707
3019624904 3037213731
3019606799 3037199434
3019585884 3037182718
3019549435 3037168963
3019528342 3037152554
3019507801 3037138622
3019462582 3037120420
3019444955 3037102604
3019427307 3037088406
3019408504 3037074516
3019377068 3037060284
3019353798 3037040582
3019335555 3037025962
3019294053 3037005532
3019276354 3036976046
3019258968 3036963070
3019240564 3036949175
3019190771 3036935415
3019173491 3036922867
3019152205 3036909150
3019110729 3036893063
3019089332 3036875937
3019065661 3036851096
3019031195 3036837438
3019013665 3036824098
3018995160 3036809769
3018960414 3036796135
3018939553 3036778461
3018921125 3036763151
3018883863 3036737165
3018865968 3036723312
3018848057 3036709691
3018829289 3036695843
3018789722 3036680981
3018764444 3036658633
3018746657 3036642704
3018707504 3036612602
3018690231 3036598582
3018670819 3036582525
3018653444 3036568409
3018615536 3036552833
3018598325 3036539177
3018580967 3036525065
3018539343 3036495987
3018523115 3036482744
3018506256 3036470058
3018488840 3036457381
3018446045 3036440442
3018426226 3036425841
3018409009 3036411895
3018390261 3036397944
3018363092 3036384287
3018342244 3036367907
3018324403 3036352982
3018302887 3036336515
3018267720 3036319143
3035623933 3045697056
3035522236 3045399763
3035497064 3045354734
3035479293 3045070474
3035463458 3045056643
3035448626 3045050033
3035433745 3045045523
3035412727 3045338637
3035397727 3045275694
3035381070 3045281607
3035327077 3045267838
8406988 10781542
8371463 10762891
8335488 11360920
8309518 11364310
8281741 10722675
8243803 11369393
8201419 10683372
8162182 10664959
8125163 10647949
8091891 10619780
8007347 10552655
7961143 10529940
7921106 10511668
7875597 11169478
7834556 11095196
7801479 10445485
7759900 11069139
7713570 10402010
7684316 10386663
7650126 10367408
7618682 10353484
7529200 10284960
7492145 10265263
7447844 10245930
7402855 10222861
7361877 10203592
7317061 10179822
7271726 10156628
7237850 10133877
7202698 10114154
7155498 10085046
7118445 10069312
7081718 10048536
7047965 10028016
7006710 10006259
6965342 9981889
6933318 9958547
6855098 9889336
6825399 9867497
6784752 9841454
6748353 9818713
6710245 9798957
6671607 9770576
6631495 9746635
6591427 9720924
6555589 9699181
6468567 9632111
6435496 9605782
6402437 9579207
6364190 9555484
6331265 9536355
6287268 9506508
6243574 9479465
6203863 9455700
6160237 9429033
6116702 9405762
6092669 9388026
6047093 9363705
6018853 9341769
5976444 9305919
5937019 9288766
5911680 9270359
5867933 9233694
5812294 9197583
9052530 16798003
9023897 15534199
8999930 16500007
8968041 15941067
8905758 15452265
8886767 16008823
8861404 15991572
8833848 15147979
8805613 15132569
8752432 15824878
8732896 15100798
8714126 15898754
8699290 14798197
8683831 15043174
8668824 14874070
8637577 14998741
8615113 15829001
8587898 15685094
8553827 15651037
8517634 14689328
8489130 14629808
8469834 14473521
8444987 13546532
8420463 13519476
8393244 13491735
8366867 13613819
8342061 13684628
8317776 13572309
8292450 13615919
8261864 13402123
8232700 13572769
8208552 13495097
8184337 12893486
8159412 13555509
8134127 13887533
8106167 13509537
8084885 13506802
8018238 13498529
8002829 13470556
7978965 13246568
7960629 12769983
7925582 13194869
7904273 12979904
7886475 13141128
7860620 13718155
7839218 13545352
7817398 12915576
7791545 13278466
7766379 12866457
7739424 12572172
7714400 12555096
7691370 12529098
7668722 12784981
7650284 12508779
7623233 13072878
7597792 12017989
7571994 11836164
7552654 11815563
7528448 11876411
7507713 11915526
7479311 11903538
7453241 11911108
7429854 11737067
7402396 11834209
7367500 11858763
7327222 11791108
7293249 11787569
7267905 11748408
7238088 11320342
7211087 11176246
7171165 11286688
7091817 11269148
7047790 11145157
7008999 11117722
6978308 11129954
6945799 11092896
6908750 11089169
6763498 11048664
6736587 11043573
6714301 11023362
6679171 11007522
6654900 10986222
6625213 10508340
6597667 10931943
6562997 10476551
6530695 10475113
6497664 10449971
6456897 10882310
6429171 10380833
6400795 10375273
6373989 10370951
6341319 10433034
6302729 10025143
6255117 10637137
6222390 10809748
6186368 10148136
6146302 10110813
6120946 9894196
6077051 10753203
6033623 10542526
6001337 10053733
5968450 9755367
5936447 9083936
5900654 8944125
5871416 9035505
5838916 8969214
5810111 9078720
5761508 8932239
5524294 9037091
5491696 9005758
5449158 8999626
5404108 8962224
5366682 7938877
5271079 7909832
5248974 7923695
5228742 7888130
5204339 7889677
5174830 7864288
5140950 7846896
5113073 7840689
5086330 7820075
5056683 7811641
5023482 7807822
4988060 6918595
4951417 7772164
4922785 6877317
4893777 6861552
4853994 7706078
4813522 6820284
4769558 7674203
7525624 16584403
7504893 16583006
7480862 16542083
7450934 16511618
7430518 16473316
7415989 16465560
7396191 16460682
7369607 16456626
7343409 16451584
7320331 16438021
7293751 16372783
7264378 16385273
7231430 16161317
7208717 16151091
7183917 16120207
7155602 16066165
7130076 16051502
7110030 16089737
7080085 16147773
7056678 16128512
7030485 16010704
7005826 16098741
6979252 14784705
6957008 14767800
6936051 14994674
6900424 14975985
6867280 14785998
6837482 14925228
6805642 14656425
6780985 14635608
6755836 14644924
6735677 14620145
6709661 14701622
6683351 14826311
6661262 13814596
6637908 14659493
6611677 14532543
6586131 13762306
6562981 13756214
6534029 13729324
6507348 13695628
6480210 14442928
6461113 13683513
6433285 13669867
6408510 13658787
6380712 13635918
6320002 13622923
6298135 13592778
6272730 13578041
6242165 13561354
6207485 13529178
6186879 13516913
6156868 13159872
6131762 13144464
6108207 13121697
6083050 13370396
6059711 13091481
6031927 13082152
6006375 13074683
5985650 13056030
5960003 13257494
5932974 13246936
5906550 13240668
5879419 12969863
5851016 11945439
5828928 11681785
5807250 11671601
5769527 12343011
5748264 12336931
5717747 13102638
